$ANSIBLE_VAULT;1.1;AES256
61396261306333323764363336633539386132373634653335316230336137343164393738313662
3935373665623564306530303164653138363037653738320a323862333632613931663134303436
33643063663165313231383234353662333335643132336164636237393636386631623133303035
3332393636393431310a333863303135636563643532626531613139303337626531663531343764
64663834313537376330323837646539326165343161323330313466643633643232623332646636
66306332313835363933633835336639636139363163663363326430376466353436386466633032
64316239656537396630323737373962373538643963613731306530353134323038353539633835
66623034303932643662623162613333326565656431663532356135373438653838633036663533
32306234396237396233626665333139656365363835336335613866633930313236396533323764
63363037626135643534393364393864326664333932623631303630636266316637333936346438
65313737323337393361333535653266326565303064383461303933393461363664366330396439
33363762653235336434623737343034653163623666633237353333613664326132306666383662
61346638616335366461316161656136613836333335333964626238613066616432613530303534
30363061336239313432333238613261613664663437636539346661346232616134383738656339
62303131386632643330323032326131396237373939353933643035316634623263623036386236
35383261326230613636313830626432613835613631363464303432633764653766623138616434
61376264353138383735333236373338353033613734613463383339363164376261363836646235
34313861326239363432323363613738393831666463393161663233383463656465363236653438
66303331303462633538383832663963653432616535303030333037636664343530333937616431
39613737353663663564666637643134356661663439333632383236396363393235386332333363
63373564356265643733643364623532356236386231393938656637366436343339623161626562
62626135643936363338343863616265396537663537383362313566326530373234653539386263
34636564396339656439373832343564323130363730346535363165633236636637396432393564
38396461333063353735323431303761343461653965653333346335306433303935373336343930
62623237643162633961653761653365613361343939313261363966316336343137
